[
{ "file": "Dome/Dome.obj",
  "instances": [
    [ 0.6, 0, 0, 0,   
      0, 0, -0.6, 0,   
      0, 0.6, 0, 0,   
      -6.8, 1.6, 13.8, 1]
  ]
},
{ "file": "SanMiguel/candle_final.obj",
  "instances": [
    [0.999931, -0.011220, -0.003338, 0.000000, 0.011246, 0.999905, 0.007933, 0.000000, 0.003249, -0.007970, 0.999963, 0.000000, -6.896635, 0.700326, 9.023762, 1.000000],
    [0.922969, -0.012117, -0.384684, 0.000000, 0.015178, 0.999873, 0.004922, 0.000000, 0.384575, -0.010381, 0.923035, 0.000000, -3.948667, 0.700638, 9.054017, 1.000000],
    [0.708966, -0.009488, -0.705179, 0.000000, 0.013791, 0.999905, 0.000412, 0.000000, 0.705108, -0.010017, 0.709029, 0.000000, -7.498610, 0.700156, 12.543361, 1.000000],
    [0.384122, -0.000005, -0.923283, 0.000000, -0.000461, 1.000000, -0.000197, 0.000000, 0.923282, 0.000501, 0.384122, 0.000000, -2.001804, 0.700110, 14.624081, 1.000000],
    [0.000134, 0.006376, -0.999980, 0.000000, 0.007302, 0.999953, 0.006377, 0.000000, 0.999973, -0.007303, 0.000087, 0.000000, -11.701830, 0.700017, 15.143853, 1.000000],
    [-0.381089, 0.008295, -0.924501, 0.000000, 0.007857, 0.999953, 0.005733, 0.000000, 0.924505, -0.005079, -0.381136, 0.000000, -3.014691, 0.699676, 20.874105, 1.000000],
    [-0.704881, 0.013145, -0.709204, 0.000000, 0.009652, 0.999913, 0.008940, 0.000000, 0.709260, -0.000543, -0.704947, 0.000000, -6.493117, 0.699487, 21.495380, 1.000000],
    [-0.924877, 0.007212, -0.380198, 0.000000, 0.007486, 0.999972, 0.000758, 0.000000, 0.380193, -0.002145, -0.924905, 0.000000, -10.090402, 0.699975, 9.028787, 1.000000],
    [-0.999998, -0.000716, 0.001824, 0.000000, -0.000717, 0.999999, -0.000812, 0.000000, -0.001824, -0.000813, -0.999998, 0.000000, -11.625501, 0.700188, 11.449493, 1.000000],
    [-0.924009, 0.007330, 0.382300, 0.000000, 0.004977, 0.999962, -0.007143, 0.000000, -0.382338, -0.004698, -0.924011, 0.000000, -4.698164, 0.699783, 12.701996, 1.000000],
    [-0.706780, -0.010063, 0.707362, 0.000000, -0.013751, 0.999905, 0.000485, 0.000000, -0.707300, -0.009384, -0.706852, 0.000000, -5.556795, 0.700338, 16.189592, 1.000000],
    [-0.381089, 0.010859, 0.924475, 0.000000, -0.001883, 0.999920, -0.012521, 0.000000, -0.924537, -0.006513, -0.381038, 0.000000, -2.368082, 0.699910, 11.236076, 1.000000],
    [0.001521, -0.012636, 0.999919, 0.000000, -0.013893, 0.999823, 0.012656, 0.000000, -0.999902, -0.013911, 0.001345, 0.000000, -11.759397, 0.700409, 18.678848, 1.000000],
    [0.390228, -0.011138, 0.920651, 0.000000, -0.015321, 0.999710, 0.018588, 0.000000, -0.920591, -0.021359, 0.389944, 0.000000, -4.706131, 0.701606, 19.005323, 1.000000],
    [0.707514, -0.012932, 0.706581, 0.000000, 0.007575, 0.999914, 0.010717, 0.000000, -0.706658, -0.002230, 0.707551, 0.000000, -10.207192, 0.700491, 21.325642, 1.000000],
    [0.932497, -0.009968, 0.361039, 0.000000, 0.011016, 0.999939, -0.000843, 0.000000, -0.361008, 0.004764, 0.932550, 0.000000, -3.028979, 0.699365, 17.666708, 1.000000]
  ]
},
{ "file": "SanMiguel/chair.obj",
  "instances": [
    [1.000000, 0.000581, 0.000003, 0.000000, -0.000581, 0.999999, -0.001434, 0.000000, -0.000004, 0.001434, 0.999999, 0.000000, -6.896769, -0.099739, 8.197524, 1.000000],
    [-0.999999, -0.000041, -0.001525, 0.000000, -0.000042, 1.000000, 0.000851, 0.000000, 0.001525, 0.000851, -0.999999, 0.000000, -6.896678, -0.099999, 9.847362, 1.000000],
    [-0.000070, -0.000220, -1.000000, 0.000000, 0.000043, 1.000000, -0.000220, 0.000000, 1.000000, -0.000043, -0.000070, 0.000000, -7.721695, -0.100034, 9.022579, 1.000000],
    [0.001030, -0.000090, 1.000000, 0.000000, 0.000546, 1.000000, 0.000089, 0.000000, -0.999999, 0.000546, 0.001030, 0.000000, -6.072088, -0.100052, 9.022694, 1.000000],
    [0.923892, 0.000169, -0.382653, 0.000000, 0.000516, 0.999998, 0.001685, 0.000000, 0.382652, -0.001754, 0.923891, 0.000000, -4.264320, -0.099799, 8.289511, 1.000000],
    [-0.924315, -0.000855, 0.381629, 0.000000, -0.000147, 0.999998, 0.001885, 0.000000, -0.381630, 0.001686, -0.924314, 0.000000, -3.632981, -0.100072, 9.813660, 1.000000],
    [-0.382645, -0.000568, -0.923896, 0.000000, -0.001151, 0.999999, -0.000138, 0.000000, 0.923895, 0.001011, -0.382645, 0.000000, -4.710862, -0.099967, 9.367332, 1.000000],
    [0.383469, 0.000120, 0.923554, 0.000000, 0.000701, 1.000000, -0.000421, 0.000000, -0.923553, 0.000809, 0.383469, 0.000000, -3.186703, -0.099928, 8.736036, 1.000000],
    [0.707027, -0.000028, -0.707187, 0.000000, 0.000058, 1.000000, 0.000018, 0.000000, 0.707187, -0.000053, 0.707027, 0.000000, -8.086057, -0.100065, 11.963943, 1.000000],
    [-0.707313, 0.000707, 0.706900, 0.000000, 0.000717, 1.000000, -0.000283, 0.000000, -0.706900, 0.000307, -0.707314, 0.000000, -6.919320, -0.100047, 13.130616, 1.000000],
    [-0.713113, -0.004056, -0.701037, 0.000000, -0.003445, 0.999991, -0.002281, 0.000000, 0.701041, 0.000789, -0.713121, 0.000000, -8.082087, -0.098075, 13.120463, 1.000000],
    [0.708209, 0.000502, 0.706003, 0.000000, 0.003234, 0.999987, -0.003955, 0.000000, -0.705996, 0.005084, 0.708198, 0.000000, -6.919836, -0.099472, 11.964360, 1.000000],
    [0.383416, -0.000675, -0.923576, 0.000000, 0.000510, 1.000000, -0.000519, 0.000000, 0.923576, -0.000272, 0.383416, 0.000000, -2.763818, -0.100119, 14.308025, 1.000000],
    [-0.382704, -0.000373, 0.923871, 0.000000, -0.000187, 1.000000, 0.000326, 0.000000, -0.923871, -0.000048, -0.382704, 0.000000, -1.239695, -0.100024, 14.939445, 1.000000],
    [-0.924525, -0.000430, -0.381121, 0.000000, -0.000683, 1.000000, 0.000528, 0.000000, 0.381121, 0.000748, -0.924525, 0.000000, -2.317561, -0.100117, 15.385559, 1.000000],
    [0.923889, 0.000156, 0.382661, 0.000000, -0.000042, 1.000000, -0.000306, 0.000000, -0.382661, 0.000267, 0.923889, 0.000000, -1.686180, -0.100063, 13.861495, 1.000000],
    [-0.000020, -0.000293, -1.000000, 0.000000, 0.000005, 1.000000, -0.000293, 0.000000, 1.000000, -0.000005, -0.000020, 0.000000, -12.527503, -0.099998, 15.144484, 1.000000],
    [-0.001558, -0.000105, 0.999999, 0.000000, 0.000567, 1.000000, 0.000106, 0.000000, -0.999999, 0.000567, -0.001558, 0.000000, -10.877760, -0.100052, 15.144464, 1.000000],
    [-1.000000, 0.001016, 0.000047, 0.000000, 0.001016, 0.999999, -0.000378, 0.000000, -0.000047, -0.000378, -1.000000, 0.000000, -11.702397, -0.100012, 15.969555, 1.000000],
    [1.000000, 0.000251, -0.000964, 0.000000, -0.000252, 0.999999, -0.001093, 0.000000, 0.000964, 0.001093, 0.999999, 0.000000, -11.702438, -0.100002, 14.319819, 1.000000],
    [-0.382937, -0.000407, -0.923775, 0.000000, -0.000576, 1.000000, -0.000202, 0.000000, 0.923775, 0.000455, -0.382937, 0.000000, -3.777117, -0.100171, 21.189457, 1.000000],
    [0.381257, 0.000068, 0.924469, 0.000000, 0.000444, 1.000000, -0.000257, 0.000000, -0.924469, 0.000509, 0.381257, 0.000000, -2.252981, -0.100161, 20.558140, 1.000000],
    [-0.923876, -0.000102, 0.382692, 0.000000, -0.000103, 1.000000, 0.000020, 0.000000, -0.382692, -0.000021, -0.923876, 0.000000, -2.699183, -0.100153, 21.635996, 1.000000],
    [0.923611, 0.000291, -0.383332, 0.000000, -0.000277, 1.000000, 0.000091, 0.000000, 0.383332, 0.000022, 0.923611, 0.000000, -3.330469, -0.100247, 20.111925, 1.000000],
    [-0.707396, 0.000346, -0.706817, 0.000000, -0.000195, 1.000000, 0.000685, 0.000000, 0.706817, 0.000623, -0.707396, 0.000000, -7.075681, -0.099879, 22.077497, 1.000000],
    [0.707031, 0.000190, 0.707183, 0.000000, -0.000404, 1.000000, 0.000135, 0.000000, -0.707183, -0.000381, 0.707031, 0.000000, -5.909263, -0.100169, 20.911140, 1.000000],
    [-0.706845, 0.000288, 0.707369, 0.000000, 0.000500, 1.000000, 0.000092, 0.000000, -0.707369, 0.000419, -0.706845, 0.000000, -5.909377, -0.100032, 22.077839, 1.000000],
    [0.707299, 0.000518, -0.706914, 0.000000, -0.000429, 1.000000, 0.000303, 0.000000, 0.706914, 0.000089, 0.707299, 0.000000, -7.076044, -0.100138, 20.911213, 1.000000],
    [-0.923531, 0.000303, -0.383525, 0.000000, -0.000187, 0.999999, 0.001241, 0.000000, 0.383525, 0.001218, -0.923530, 0.000000, -10.405569, -0.099905, 9.789592, 1.000000],
    [0.923867, -0.000372, 0.382713, 0.000000, 0.000130, 1.000000, 0.000657, 0.000000, -0.382713, -0.000557, 0.923867, 0.000000, -9.774380, -0.099917, 8.265814, 1.000000],
    [-0.382635, -0.000231, 0.923900, 0.000000, 0.000045, 1.000000, 0.000268, 0.000000, -0.923900, 0.000144, -0.382635, 0.000000, -9.327903, -0.100038, 9.343736, 1.000000],
    [0.382688, 0.000076, -0.923878, 0.000000, -0.000032, 1.000000, 0.000069, 0.000000, 0.923878, 0.000003, 0.382688, 0.000000, -10.852305, -0.100023, 8.712292, 1.000000],
    [-1.000000, -0.000041, 0.000013, 0.000000, -0.000041, 1.000000, 0.000202, 0.000000, -0.000013, 0.000202, -1.000000, 0.000000, -11.625096, -0.100021, 12.274421, 1.000000],
    [0.999999, 0.000608, 0.001434, 0.000000, -0.000608, 1.000000, 0.000163, 0.000000, -0.001434, -0.000164, 0.999999, 0.000000, -11.625187, -0.099945, 10.624766, 1.000000],
    [-0.000021, -0.001499, 0.999999, 0.000000, 0.000875, 0.999998, 0.001499, 0.000000, -1.000000, 0.000875, -0.000020, 0.000000, -10.800035, -0.099919, 11.449399, 1.000000],
    [-0.000849, 0.000385, -1.000000, 0.000000, -0.000471, 1.000000, 0.000386, 0.000000, 1.000000, 0.000472, -0.000849, 0.000000, -12.449746, -0.100003, 11.449359, 1.000000],
    [-0.923878, -0.000005, 0.382688, 0.000000, -0.000022, 1.000000, -0.000040, 0.000000, -0.382688, -0.000045, -0.923878, 0.000000, -4.382486, -0.100112, 13.464794, 1.000000],
    [0.924452, 0.000117, -0.381299, 0.000000, -0.000393, 1.000000, -0.000645, 0.000000, 0.381299, 0.000746, 0.924451, 0.000000, -5.013840, -0.100100, 11.940619, 1.000000],
    [0.382711, 0.000330, 0.923868, 0.000000, 0.000054, 1.000000, -0.000380, 0.000000, -0.923868, 0.000195, 0.382711, 0.000000, -3.935993, -0.100075, 12.386868, 1.000000],
    [-0.383436, 0.000453, -0.923568, 0.000000, -0.000114, 1.000000, 0.000537, 0.000000, 0.923568, 0.000311, -0.383436, 0.000000, -5.460076, -0.100099, 13.018153, 1.000000],
    [-0.707110, 0.000077, 0.707103, 0.000000, -0.000004, 1.000000, -0.000113, 0.000000, -0.707103, -0.000083, -0.707110, 0.000000, -4.970937, -0.100149, 16.773947, 1.000000],
    [0.708124, -0.000032, -0.706088, 0.000000, -0.001771, 0.999997, -0.001822, 0.000000, 0.706086, 0.002541, 0.708122, 0.000000, -6.137557, -0.099707, 15.607492, 1.000000],
    [0.707106, -0.000066, 0.707107, 0.000000, 0.000022, 1.000000, 0.000071, 0.000000, -0.707107, -0.000035, 0.707106, 0.000000, -4.970937, -0.100134, 15.607244, 1.000000],
    [-0.707775, 0.000384, -0.706438, 0.000000, -0.000580, 0.999999, 0.001124, 0.000000, 0.706438, 0.001206, -0.707774, 0.000000, -6.137449, -0.099911, 16.773718, 1.000000],
    [-0.382678, 0.001848, 0.923880, 0.000000, 0.001648, 0.999998, -0.001317, 0.000000, -0.923881, 0.001019, -0.382680, 0.000000, -1.605155, -0.099902, 11.552041, 1.000000],
    [0.383905, 0.000356, -0.923373, 0.000000, -0.000600, 1.000000, 0.000136, 0.000000, 0.923373, 0.000502, 0.383905, 0.000000, -3.129383, -0.100024, 10.920732, 1.000000],
    [0.923825, -0.000455, 0.382815, 0.000000, 0.000539, 1.000000, -0.000112, 0.000000, -0.382815, 0.000310, 0.923825, 0.000000, -2.051655, -0.099992, 10.474101, 1.000000],
    [-0.924123, 0.000119, -0.382096, 0.000000, -0.000038, 1.000000, 0.000405, 0.000000, 0.382096, 0.000389, -0.924123, 0.000000, -2.683001, -0.100078, 11.998171, 1.000000],
    [-0.000109, -0.000606, 1.000000, 0.000000, -0.000834, 0.999999, 0.000606, 0.000000, -1.000000, -0.000834, -0.000109, 0.000000, -10.933157, -0.099897, 18.677738, 1.000000],
    [0.001862, 0.000278, -0.999998, 0.000000, -0.001183, 0.999999, 0.000276, 0.000000, 0.999998, 0.001183, 0.001862, 0.000000, -12.582839, -0.100013, 18.677816, 1.000000],
    [1.000000, -0.000273, 0.000017, 0.000000, 0.000273, 1.000000, 0.000252, 0.000000, -0.000017, -0.000252, 1.000000, 0.000000, -11.758082, -0.099961, 17.852720, 1.000000],
    [-1.000000, 0.000004, 0.000931, 0.000000, 0.000005, 0.999999, 0.001298, 0.000000, -0.000931, 0.001298, -0.999999, 0.000000, -11.758150, -0.099905, 19.502340, 1.000000],
    [0.385691, -0.000674, 0.922628, 0.000000, -0.001948, 0.999997, 0.001545, 0.000000, -0.922626, -0.002393, 0.385688, 0.000000, -3.952577, -0.100041, 18.689487, 1.000000],
    [-0.380712, 0.005348, -0.924678, 0.000000, -0.009841, 0.999903, 0.009834, 0.000000, 0.924641, 0.012843, -0.380623, 0.000000, -5.457934, -0.097447, 19.316217, 1.000000],
    [0.923845, -0.000180, -0.382768, 0.000000, 0.000331, 1.000000, 0.000329, 0.000000, 0.382768, -0.000431, 0.923845, 0.000000, -5.013930, -0.100175, 18.238707, 1.000000],
    [-0.922401, 0.000841, 0.386233, 0.000000, 0.001076, 0.999999, 0.000393, 0.000000, -0.386232, 0.000778, -0.922401, 0.000000, -4.382788, -0.100232, 19.762457, 1.000000],
    [0.707063, 0.000527, 0.707150, 0.000000, -0.000283, 1.000000, -0.000462, 0.000000, -0.707150, 0.000126, 0.707063, 0.000000, -9.623444, -0.100068, 20.741785, 1.000000],
    [-0.705603, -0.000601, -0.708607, 0.000000, -0.000903, 1.000000, 0.000051, 0.000000, 0.708607, 0.000676, -0.705603, 0.000000, -10.789846, -0.100057, 21.908306, 1.000000],
    [0.707051, 0.000403, -0.707162, 0.000000, -0.000500, 1.000000, 0.000071, 0.000000, 0.707162, 0.000303, 0.707051, 0.000000, -10.790210, -0.100037, 20.741825, 1.000000],
    [-0.706332, 0.000231, 0.707880, 0.000000, 0.000980, 0.999999, 0.000651, 0.000000, -0.707880, 0.001154, -0.706332, 0.000000, -9.623717, -0.100038, 21.908337, 1.000000],
    [0.922919, 0.003287, 0.384981, 0.000000, -0.000319, 0.999970, -0.007775, 0.000000, -0.384995, 0.007053, 0.922892, 0.000000, -2.718940, -0.099305, 16.913792, 1.000000],
    [-0.923847, 0.008313, -0.382673, 0.000000, 0.007619, 0.999965, 0.003329, 0.000000, 0.382688, 0.000160, -0.923878, 0.000000, -3.336355, -0.100058, 18.429523, 1.000000],
    [0.382660, 0.000798, -0.923889, 0.000000, -0.000774, 1.000000, 0.000543, 0.000000, 0.923889, 0.000507, 0.382661, 0.000000, -3.796374, -0.100074, 17.359938, 1.000000],
    [-0.392044, 0.000750, 0.919946, 0.000000, 0.003100, 0.999995, 0.000506, 0.000000, -0.919941, 0.003051, -0.392045, 0.000000, -2.273662, -0.100063, 17.989977, 1.000000]
  ]
},
{ "file": "SanMiguel/chair3_low.obj",
  "instances": [
    [1.000000, -0.000308, -0.000138, 0.000000, 0.000308, 1.000000, 0.000677, 0.000000, 0.000138, -0.000677, 1.000000, 0.000000, 1.694115, 0.001704, 22.603527, 1.000000],
    [-0.999998, 0.002180, 0.000087, 0.000000, 0.002180, 0.999997, -0.000666, 0.000000, -0.000089, -0.000665, -1.000000, 0.000000, 1.694470, 0.001705, 20.803146, 1.000000],
    [0.000196, 0.000930, -1.000000, 0.000000, 0.001945, 0.999998, 0.000930, 0.000000, 0.999998, -0.001945, 0.000194, 0.000000, 2.594282, 0.000613, 21.703590, 1.000000],
    [-0.000223, 0.000928, 1.000000, 0.000000, 0.000593, 0.999999, -0.000927, 0.000000, -1.000000, 0.000592, -0.000224, 0.000000, 0.794270, 0.002796, 21.702942, 1.000000],
    [0.499956, 0.000873, -0.866050, 0.000000, 0.000196, 0.999999, 0.001121, 0.000000, 0.866051, -0.000730, 0.499956, 0.000000, 2.596853, 0.000816, 25.163002, 1.000000],
    [-0.499906, -0.002613, 0.866076, 0.000000, -0.000399, 0.999996, 0.002787, 0.000000, -0.866080, 0.001048, -0.499905, 0.000000, 1.038177, 0.002696, 24.263227, 1.000000],
    [-0.866054, 0.001291, -0.499949, 0.000000, 0.001362, 0.999999, 0.000224, 0.000000, 0.499949, -0.000487, -0.866055, 0.000000, 2.267591, 0.001096, 23.933622, 1.000000],
    [0.866103, -0.000055, 0.499865, 0.000000, -0.000749, 0.999999, 0.001407, 0.000000, -0.499865, -0.001593, 0.866102, 0.000000, 1.367374, 0.000890, 25.492472, 1.000000],
    [-0.499971, -0.000669, -0.866042, 0.000000, 0.000410, 0.999999, -0.001009, 0.000000, 0.866042, -0.000860, -0.499971, 0.000000, 2.434903, 0.001040, 7.656983, 1.000000],
    [0.500416, 0.002774, 0.865780, 0.000000, -0.001171, 0.999996, -0.002527, 0.000000, -0.865784, 0.000251, 0.500418, 0.000000, 0.876137, 0.002946, 8.557050, 1.000000],
    [-0.866020, 0.000567, 0.500009, 0.000000, -0.000062, 0.999999, -0.001240, 0.000000, -0.500010, -0.001105, -0.866019, 0.000000, 1.205529, 0.001219, 7.327487, 1.000000],
    [0.865999, -0.000975, -0.500045, 0.000000, 0.001290, 0.999999, 0.000286, 0.000000, 0.500044, -0.000893, 0.865999, 0.000000, 2.105614, 0.001307, 8.886418, 1.000000],
    [-1.000000, 0.000689, 0.000078, 0.000000, 0.000689, 0.999999, 0.000746, 0.000000, -0.000077, 0.000746, -1.000000, 0.000000, 1.788643, 0.001739, 10.511119, 1.000000],
    [0.999998, -0.001993, -0.000260, 0.000000, 0.001993, 0.999997, 0.001111, 0.000000, 0.000258, -0.001112, 0.999999, 0.000000, 1.788741, 0.001838, 12.311157, 1.000000],
    [-0.000223, 0.000942, 1.000000, 0.000000, 0.000604, 0.999999, -0.000942, 0.000000, -1.000000, 0.000604, -0.000223, 0.000000, 0.888660, 0.002703, 11.410745, 1.000000],
    [0.000035, 0.001172, -0.999999, 0.000000, 0.001275, 0.999998, 0.001172, 0.000000, 0.999999, -0.001275, 0.000034, 0.000000, 2.688571, 0.000614, 11.411300, 1.000000],
    [-0.499939, 0.001602, 0.866059, 0.000000, 0.001180, 0.999999, -0.001168, 0.000000, -0.866060, 0.000438, -0.499940, 0.000000, 0.752148, 0.002868, 14.340083, 1.000000],
    [0.500026, 0.000266, -0.866011, 0.000000, 0.001397, 0.999998, 0.001114, 0.000000, 0.866010, -0.001767, 0.500024, 0.000000, 2.310815, 0.000960, 15.240326, 1.000000],
    [0.865799, -0.003061, 0.500382, 0.000000, 0.002871, 0.999995, 0.001149, 0.000000, -0.500383, 0.000442, 0.865804, 0.000000, 1.081658, 0.002750, 15.569603, 1.000000],
    [-0.866071, 0.001985, -0.499918, 0.000000, 0.002366, 0.999997, -0.000128, 0.000000, 0.499916, -0.001293, -0.866073, 0.000000, 1.981674, 0.001371, 14.010795, 1.000000],
    [0.499667, 0.000297, 0.866217, 0.000000, 0.000186, 1.000000, -0.000450, 0.000000, -0.866217, 0.000386, 0.499667, 0.000000, 1.107840, 0.002415, 18.662542, 1.000000],
    [-0.500005, 0.002273, -0.866020, 0.000000, 0.002045, 0.999997, 0.001445, 0.000000, 0.866020, -0.001049, -0.500008, 0.000000, 2.666746, 0.000816, 17.763060, 1.000000],
    [0.866002, -0.000854, -0.500039, 0.000000, 0.001399, 0.999999, 0.000715, 0.000000, 0.500038, -0.001319, 0.866003, 0.000000, 2.337325, 0.001061, 18.992374, 1.000000],
    [-0.866063, 0.002014, 0.499931, 0.000000, 0.001722, 0.999998, -0.001045, 0.000000, -0.499932, -0.000044, -0.866065, 0.000000, 1.437475, 0.002017, 17.433380, 1.000000]
  ]
},
{ "file": "SanMiguel/flowers.obj",
  "instances": [
    [1.000000, 0.000000, 0.000000, 0.000000, 0.000000, 1.000000, 0.000000, 0.000000, 0.000000, 0.000000, 1.000000, 0.000000, 0.000000, -0.050000, 0.000000, 1.000000]
  ]
},
{ "file": "SanMiguel/glass_low.obj",
  "instances": [
    [0.999980, -0.005039, -0.003943, 0.000000, 0.004994, 0.999924, -0.011264, 0.000000, 0.003999, 0.011244, 0.999929, 0.000000, -6.776547, 0.700194, 9.142963, 1.000000],
    [0.922259, -0.004826, -0.386542, 0.000000, -0.001844, 0.999856, -0.016883, 0.000000, 0.386567, 0.016283, 0.922117, 0.000000, -3.791803, 0.700441, 9.118035, 1.000000],
    [0.708223, -0.003841, -0.705979, 0.000000, -0.005271, 0.999929, -0.010727, 0.000000, 0.705970, 0.011318, 0.708152, 0.000000, -7.329277, 0.699184, 12.542997, 1.000000],
    [0.382666, 0.011643, -0.923813, 0.000000, -0.017004, 0.999840, 0.005557, 0.000000, 0.923730, 0.013582, 0.382803, 0.000000, -1.845336, 0.700381, 14.558766, 1.000000],
    [-0.002361, 0.011562, -0.999930, 0.000000, -0.013334, 0.999844, 0.011593, 0.000000, 0.999908, 0.013360, -0.002207, 0.000000, -11.582564, 0.700134, 15.023569, 1.000000],
    [-0.384015, 0.015731, -0.923193, 0.000000, -0.003990, 0.999817, 0.018696, 0.000000, 0.923318, 0.010864, -0.383882, 0.000000, -2.950378, 0.699783, 20.717310, 1.000000],
    [-0.704801, 0.017984, -0.709177, 0.000000, -0.001890, 0.999627, 0.027228, 0.000000, 0.709403, 0.020531, -0.704504, 0.000000, -6.492751, 0.700562, 21.325888, 1.000000],
    [-0.924876, 0.010413, -0.380128, 0.000000, 0.003326, 0.999808, 0.019294, 0.000000, 0.380256, 0.016580, -0.924733, 0.000000, -10.155391, 0.700789, 8.872446, 1.000000],
    [-0.999987, 0.004708, 0.002039, 0.000000, 0.004747, 0.999798, 0.019547, 0.000000, -0.001946, 0.019557, -0.999807, 0.000000, -11.745341, 0.700701, 11.330156, 1.000000],
    [-0.923094, 0.015046, 0.384282, 0.000000, 0.020219, 0.999751, 0.009423, 0.000000, -0.384044, 0.016468, -0.923168, 0.000000, -4.854749, 0.699953, 12.637424, 1.000000],
    [-0.708071, -0.007448, 0.706102, 0.000000, -0.000149, 0.999946, 0.010399, 0.000000, -0.706141, 0.007258, -0.708034, 0.000000, -5.725564, 0.700170, 16.190092, 1.000000],
    [-0.378741, 0.015396, 0.925375, 0.000000, 0.020351, 0.999758, -0.008305, 0.000000, -0.925279, 0.015687, -0.378963, 0.000000, -2.524352, 0.700194, 11.301429, 1.000000],
    [0.001506, -0.008494, 0.999963, 0.000000, 0.006967, 0.999940, 0.008484, 0.000000, -0.999975, 0.006954, 0.001565, 0.000000, -11.878681, 0.700342, 18.799028, 1.000000],
    [0.396538, -0.004042, 0.918010, 0.000000, 0.001908, 0.999992, 0.003578, 0.000000, -0.918016, 0.000333, 0.396542, 0.000000, -4.769439, 0.700081, 19.162235, 1.000000],
    [0.707814, -0.005766, 0.706375, 0.000000, 0.016913, 0.999818, -0.008786, 0.000000, -0.706196, 0.018166, 0.707783, 0.000000, -10.206460, 0.700441, 21.494629, 1.000000],
    [0.932696, -0.004029, 0.360640, 0.000000, 0.012124, 0.999723, -0.020186, 0.000000, -0.360459, 0.023200, 0.932487, 0.000000, -2.961759, 0.699813, 17.826197, 1.000000]
  ]
},
{ "file": "SanMiguel/ground_leaves.obj",
  "instances": [
    [1.000000, 0.000000, 0.000000, 0.000000, 0.000000, 1.000000, 0.000000, 0.000000, 0.000000, 0.000000, 1.000000, 0.000000, 0.000000, -0.050000, 0.000000, 1.000000]
  ]
},
{ "file": "SanMiguel/lamp1.obj",
  "instances": [
    [1.000000, 0.000000, 0.000000, 0.000000, 0.000000, 1.000000, 0.000000, 0.000000, 0.000000, 0.000000, 1.000000, 0.000000, 1.800000, 5.075000, 7.850000, 1.000000],
    [1.000000, 0.000000, 0.000000, 0.000000, 0.000000, 1.000000, 0.000000, 0.000000, 0.000000, 0.000000, 1.000000, 0.000000, 1.800000, 5.075000, 11.200000, 1.000000],
    [1.000000, 0.000000, 0.000000, 0.000000, 0.000000, 1.000000, 0.000000, 0.000000, 0.000000, 0.000000, 1.000000, 0.000000, 1.800000, 5.075000, 14.750000, 1.000000],
    [1.000000, 0.000000, 0.000000, 0.000000, 0.000000, 1.000000, 0.000000, 0.000000, 0.000000, 0.000000, 1.000000, 0.000000, 1.800000, 5.075000, 18.199999, 1.000000]
  ]
},
{ "file": "SanMiguel/light_block.obj",
  "instances": [
    [1.000000, 0.000000, 0.000000, 0.000000, 0.000000, 1.000000, 0.000000, 0.000000, 0.000000, 0.000000, 1.000000, 0.000000, 0.000000, -0.050000, 0.000000, 1.000000]
  ]
},
{ "file": "SanMiguel/plate_low.obj",
  "instances": [
    [0.999969, -0.006137, -0.004978, 0.000000, 0.006149, 0.999978, 0.002533, 0.000000, 0.004962, -0.002564, 0.999984, 0.000000, -6.897370, 0.700729, 8.709000, 1.000000],
    [-0.999980, 0.006309, 0.000909, 0.000000, 0.006309, 0.999980, -0.000144, 0.000000, -0.000910, -0.000138, -1.000000, 0.000000, -6.895379, 0.699793, 9.337938, 1.000000],
    [-0.005520, -0.001803, -0.999983, 0.000000, -0.001148, 0.999998, -0.001797, 0.000000, 0.999984, 0.001139, -0.005522, 0.000000, -7.210391, 0.701203, 9.026013, 1.000000],
    [0.002192, -0.000129, 0.999998, 0.000000, -0.002889, 0.999996, 0.000135, 0.000000, -0.999994, -0.002890, 0.002191, 0.000000, -6.581502, 0.699615, 9.023040, 1.000000],
    [0.921856, -0.004154, -0.387510, 0.000000, 0.005191, 0.999985, 0.001628, 0.000000, 0.387497, -0.003512, 0.921864, 0.000000, -4.068355, 0.701514, 8.762976, 1.000000],
    [-0.922979, 0.002728, 0.384842, 0.000000, 0.003540, 0.999993, 0.001403, 0.000000, -0.384835, 0.002657, -0.922982, 0.000000, -3.826929, 0.699705, 9.344126, 1.000000],
    [-0.387924, 0.001084, -0.921691, 0.000000, -0.001127, 0.999998, 0.001650, 0.000000, 0.921691, 0.001679, -0.387922, 0.000000, -4.239612, 0.700986, 9.173780, 1.000000],
    [0.384393, 0.000528, 0.923170, 0.000000, -0.006381, 0.999977, 0.002085, 0.000000, -0.923148, -0.006692, 0.384387, 0.000000, -3.657488, 0.699509, 8.931944, 1.000000],
    [0.705848, -0.011000, -0.708278, 0.000000, 0.007441, 0.999939, -0.008115, 0.000000, 0.708324, 0.000458, 0.705887, 0.000000, -7.720853, 0.700385, 12.320528, 1.000000],
    [-0.708194, 0.011668, 0.705921, 0.000000, 0.005829, 0.999926, -0.010679, 0.000000, -0.705993, -0.003448, -0.708210, 0.000000, -7.273735, 0.699790, 12.763762, 1.000000],
    [-0.708203, 0.000313, -0.706009, 0.000000, 0.004806, 0.999979, -0.004377, 0.000000, 0.705993, -0.006493, -0.708190, 0.000000, -7.719673, 0.703405, 12.763599, 1.000000],
    [0.708188, -0.000080, 0.706024, 0.000000, 0.001963, 0.999996, -0.001856, 0.000000, -0.706022, 0.002701, 0.708185, 0.000000, -7.275597, 0.696754, 12.320449, 1.000000],
    [0.382809, -0.001081, -0.923827, 0.000000, 0.005832, 0.999982, 0.001246, 0.000000, 0.923809, -0.005865, 0.382808, 0.000000, -2.292396, 0.699190, 14.503214, 1.000000],
    [-0.382626, -0.000820, 0.923903, 0.000000, 0.000298, 0.999999, 0.001010, 0.000000, -0.923903, 0.000662, -0.382625, 0.000000, -1.711133, 0.700828, 14.744321, 1.000000],
    [-0.924307, -0.002117, -0.381645, 0.000000, -0.000795, 0.999993, -0.003622, 0.000000, 0.381651, -0.003045, -0.924302, 0.000000, -2.122828, 0.699977, 14.914244, 1.000000],
    [0.923390, 0.000247, 0.383864, 0.000000, -0.000823, 0.999999, 0.001335, 0.000000, -0.383863, -0.001549, 0.923389, 0.000000, -1.881498, 0.700121, 14.332599, 1.000000],
    [-0.002224, 0.002130, -0.999995, 0.000000, 0.008085, 0.999965, 0.002111, 0.000000, 0.999965, -0.008080, -0.002241, 0.000000, -12.016847, 0.700331, 15.144496, 1.000000],
    [0.000296, 0.003048, 0.999995, 0.000000, -0.000665, 0.999995, -0.003047, 0.000000, -1.000000, -0.000664, 0.000298, 0.000000, -11.387041, 0.699917, 15.143425, 1.000000],
    [-0.999989, 0.002009, 0.004309, 0.000000, 0.002013, 0.999997, 0.000952, 0.000000, -0.004307, 0.000961, -0.999990, 0.000000, -11.700959, 0.701001, 15.457285, 1.000000],
    [0.999999, 0.000027, -0.001129, 0.000000, -0.000026, 1.000000, 0.000356, 0.000000, 0.001129, -0.000356, 0.999999, 0.000000, -11.702037, 0.699667, 14.828816, 1.000000],
    [-0.383503, -0.002381, -0.923537, 0.000000, -0.005146, 0.999987, -0.000441, 0.000000, 0.923526, 0.004584, -0.383510, 0.000000, -3.306173, 0.700179, 20.993969, 1.000000],
    [0.382874, 0.000804, 0.923800, 0.000000, -0.003300, 0.999994, 0.000498, 0.000000, -0.923795, -0.003239, 0.382874, 0.000000, -2.723878, 0.699622, 20.753675, 1.000000],
    [-0.923882, 0.000227, 0.382679, 0.000000, 0.000945, 0.999998, 0.001688, 0.000000, -0.382678, 0.001921, -0.923880, 0.000000, -2.895046, 0.700496, 21.164625, 1.000000],
    [0.923484, -0.000273, -0.383638, 0.000000, 0.000984, 0.999998, 0.001658, 0.000000, 0.383637, -0.001909, 0.923482, 0.000000, -3.135188, 0.699271, 20.583248, 1.000000],
    [-0.706080, 0.002434, -0.708128, 0.000000, 0.000689, 0.999996, 0.002750, 0.000000, 0.708132, 0.001454, -0.706079, 0.000000, -6.716326, 0.698574, 21.717525, 1.000000],
    [0.706593, -0.001304, 0.707619, 0.000000, -0.000225, 0.999998, 0.002068, 0.000000, -0.707620, -0.001621, 0.706591, 0.000000, -6.270228, 0.701091, 21.272909, 1.000000],
    [-0.708138, -0.002351, 0.706070, 0.000000, -0.004185, 0.999991, -0.000868, 0.000000, -0.706062, -0.003570, -0.708141, 0.000000, -6.270731, 0.699404, 21.718069, 1.000000],
    [0.707942, 0.001881, -0.706268, 0.000000, -0.002428, 0.999997, 0.000230, 0.000000, 0.706267, 0.001552, 0.707944, 0.000000, -6.715816, 0.700198, 21.272285, 1.000000],
    [-0.924833, 0.000021, -0.380373, 0.000000, 0.000278, 1.000000, -0.000619, 0.000000, 0.380373, -0.000678, -0.924833, 0.000000, -10.210777, 0.698663, 9.319680, 1.000000],
    [0.925316, -0.000602, 0.379196, 0.000000, -0.000722, 0.999994, 0.003348, 0.000000, -0.379196, -0.003372, 0.925310, 0.000000, -9.970971, 0.702006, 8.738513, 1.000000],
    [-0.381478, -0.003836, 0.924370, 0.000000, -0.003497, 0.999990, 0.002707, 0.000000, -0.924372, -0.002200, -0.381487, 0.000000, -9.799284, 0.700377, 9.148673, 1.000000],
    [0.380453, 0.002247, -0.924797, 0.000000, -0.000039, 0.999997, 0.002414, 0.000000, 0.924800, -0.000882, 0.380452, 0.000000, -10.381251, 0.700087, 8.908561, 1.000000],
    [-0.999992, -0.002673, 0.002903, 0.000000, -0.002680, 0.999994, -0.002279, 0.000000, -0.002897, -0.002286, -0.999993, 0.000000, -11.625242, 0.699942, 11.764674, 1.000000],
    [0.999986, 0.005052, -0.001823, 0.000000, -0.005044, 0.999979, 0.004045, 0.000000, 0.001843, -0.004036, 0.999990, 0.000000, -11.626021, 0.700235, 11.134757, 1.000000],
    [0.003733, -0.000941, 0.999993, 0.000000, 0.002186, 0.999997, 0.000933, 0.000000, -0.999991, 0.002183, 0.003735, 0.000000, -11.311272, 0.701305, 11.449639, 1.000000],
    [0.001173, 0.005994, -0.999981, 0.000000, 0.008942, 0.999942, 0.006004, 0.000000, 0.999959, -0.008949, 0.001119, 0.000000, -11.940892, 0.698950, 11.450295, 1.000000],
    [-0.924021, 0.000753, 0.382341, 0.000000, 0.000964, 0.999999, 0.000360, 0.000000, -0.382340, 0.000702, -0.924022, 0.000000, -4.577632, 0.700295, 12.992903, 1.000000],
    [0.923984, 0.001758, -0.382428, 0.000000, -0.001728, 0.999998, 0.000423, 0.000000, 0.382428, 0.000270, 0.923985, 0.000000, -4.819142, 0.699857, 12.411074, 1.000000],
    [0.382092, 0.000870, 0.924124, 0.000000, 0.001856, 0.999997, -0.001708, 0.000000, -0.924122, 0.002367, 0.382090, 0.000000, -4.407342, 0.700697, 12.581218, 1.000000],
    [-0.383005, 0.001464, -0.923745, 0.000000, 0.001883, 0.999998, 0.000804, 0.000000, 0.923744, -0.001432, -0.383007, 0.000000, -4.989123, 0.699461, 12.822625, 1.000000],
    [-0.703088, -0.006270, 0.711076, 0.000000, -0.006063, 0.999978, 0.002823, 0.000000, -0.711078, -0.002326, -0.703110, 0.000000, -5.335244, 0.701416, 16.412170, 1.000000],
    [0.708567, 0.007161, -0.705607, 0.000000, -0.006042, 0.999973, 0.004081, 0.000000, 0.705617, 0.001372, 0.708592, 0.000000, -5.780915, 0.699451, 15.968043, 1.000000],
    [0.710955, 0.005314, 0.703217, 0.000000, -0.004104, 0.999986, -0.003408, 0.000000, -0.703225, -0.000463, 0.710967, 0.000000, -5.334909, 0.701613, 15.968255, 1.000000],
    [-0.707341, -0.001354, -0.706871, 0.000000, 0.001315, 0.999994, -0.003231, 0.000000, 0.706872, -0.003215, -0.707335, 0.000000, -5.779212, 0.699175, 16.412985, 1.000000],
    [-0.381746, -0.000463, 0.924267, 0.000000, -0.001769, 0.999998, -0.000230, 0.000000, -0.924266, -0.001723, -0.381746, 0.000000, -2.076849, 0.700905, 11.355813, 1.000000],
    [0.381193, 0.002858, -0.924491, 0.000000, 0.002139, 0.999990, 0.003973, 0.000000, 0.924493, -0.003492, 0.381183, 0.000000, -2.659254, 0.699338, 11.116193, 1.000000],
    [0.925582, 0.001924, 0.378542, 0.000000, -0.002898, 0.999994, 0.002003, 0.000000, -0.378535, -0.002951, 0.925582, 0.000000, -2.248847, 0.701181, 10.946003, 1.000000],
    [-0.924801, -0.000023, -0.380452, 0.000000, 0.000592, 0.999999, -0.001501, 0.000000, 0.380452, -0.001614, -0.924799, 0.000000, -2.488313, 0.699329, 11.526970, 1.000000],
    [0.006277, -0.005976, 0.999962, 0.000000, -0.002852, 0.999978, 0.005994, 0.000000, -0.999976, -0.002890, 0.006260, 0.000000, -11.445514, 0.701087, 18.679810, 1.000000],
    [0.000669, 0.006980, -0.999975, 0.000000, -0.001203, 0.999975, 0.006979, 0.000000, 0.999999, 0.001199, 0.000677, 0.000000, -12.074219, 0.699854, 18.679377, 1.000000],
    [0.999984, 0.004845, -0.002987, 0.000000, -0.004843, 0.999988, 0.000611, 0.000000, 0.002990, -0.000597, 0.999995, 0.000000, -11.759401, 0.701585, 18.365076, 1.000000],
    [-1.000000, -0.000648, 0.000024, 0.000000, -0.000648, 0.999997, -0.002519, 0.000000, -0.000022, -0.002519, -0.999997, 0.000000, -11.759222, 0.699207, 18.994043, 1.000000],
    [0.388346, -0.001900, 0.921512, 0.000000, -0.019675, 0.999753, 0.010353, 0.000000, -0.921304, -0.022152, 0.388213, 0.000000, -4.420046, 0.706906, 18.885067, 1.000000],
    [-0.386889, 0.006701, -0.922102, 0.000000, -0.010789, 0.999872, 0.011793, 0.000000, 0.922064, 0.014511, -0.386767, 0.000000, -4.996908, 0.695740, 19.128670, 1.000000],
    [0.920992, 0.017126, -0.389205, 0.000000, -0.015205, 0.999852, 0.008014, 0.000000, 0.389285, -0.001463, 0.921116, 0.000000, -4.831781, 0.702062, 18.716351, 1.000000],
    [-0.922030, -0.016525, 0.386764, 0.000000, -0.016800, 0.999855, 0.002672, 0.000000, -0.386753, -0.004034, -0.922175, 0.000000, -4.588410, 0.700576, 19.296965, 1.000000],
    [0.709349, -0.005300, 0.704838, 0.000000, 0.001462, 0.999981, 0.006048, 0.000000, -0.704856, -0.003260, 0.709343, 0.000000, -9.985031, 0.700719, 21.103247, 1.000000],
    [-0.706811, 0.005067, -0.707384, 0.000000, 0.003719, 0.999987, 0.003447, 0.000000, 0.707392, -0.000194, -0.706821, 0.000000, -10.429496, 0.700220, 21.549213, 1.000000],
    [0.705328, -0.003343, -0.708873, 0.000000, 0.002072, 0.999994, -0.002654, 0.000000, 0.708878, 0.000403, 0.705331, 0.000000, -10.430227, 0.701363, 21.104387, 1.000000],
    [-0.708358, 0.003890, 0.705843, 0.000000, -0.001017, 0.999978, -0.006531, 0.000000, -0.705853, -0.005344, -0.708338, 0.000000, -9.984005, 0.699426, 21.547693, 1.000000],
    [0.926743, -0.006700, 0.375635, 0.000000, 0.006671, 0.999977, 0.001376, 0.000000, -0.375636, 0.001230, 0.926766, 0.000000, -2.910394, 0.698624, 17.379599, 1.000000],
    [-0.926733, 0.006062, -0.375672, 0.000000, 0.009698, 0.999923, -0.007789, 0.000000, 0.375596, -0.010862, -0.926720, 0.000000, -3.147263, 0.702301, 17.960314, 1.000000],
    [0.368303, -0.012818, -0.929618, 0.000000, 0.002246, 0.999914, -0.012897, 0.000000, 0.929703, 0.002662, 0.368300, 0.000000, -3.321022, 0.700999, 17.548157, 1.000000],
    [-0.377623, 0.008153, 0.925924, 0.000000, -0.001036, 0.999957, -0.009228, 0.000000, -0.925959, -0.004444, -0.377598, 0.000000, -2.737721, 0.697567, 17.788635, 1.000000]
  ]
},
{ "file": "SanMiguel/pots.obj",
  "instances": [
    [1.000000, 0.000000, 0.000000, 0.000000, 0.000000, 1.000000, 0.000000, 0.000000, 0.000000, 0.000000, 1.000000, 0.000000, 0.000000, -0.050000, 0.000000, 1.000000]
  ]
},
{ "file": "SanMiguel/set.obj",
  "instances": [
    [1.000000, 0.000000, 0.000000, 0.000000, 0.000000, 1.000000, 0.000000, 0.000000, 0.000000, 0.000000, 1.000000, 0.000000, 0.000000, -0.050000, 0.000000, 1.000000]
  ]
},
{ "file": "SanMiguel/table.obj",
  "instances": [
    [0.999999, -0.000217, -0.001563, 0.000000, 0.000219, 1.000000, 0.000901, 0.000000, 0.001563, -0.000901, 0.999998, 0.000000, -6.896697, -0.099934, 9.022754, 1.000000],
    [0.923116, -0.000232, -0.384521, 0.000000, 0.000972, 0.999998, 0.001730, 0.000000, 0.384520, -0.001971, 0.923115, 0.000000, -3.948542, -0.099735, 9.051783, 1.000000],
    [0.707329, -0.005137, -0.706866, 0.000000, 0.004254, 0.999986, -0.003010, 0.000000, 0.706872, -0.000879, 0.707341, 0.000000, -7.502695, -0.099690, 12.547215, 1.000000],
    [0.383485, -0.000210, -0.923547, 0.000000, 0.000368, 1.000000, -0.000074, 0.000000, 0.923547, -0.000312, 0.383485, 0.000000, -2.001914, -0.100037, 14.623784, 1.000000],
    [-0.000207, -0.000826, -1.000000, 0.000000, 0.000473, 1.000000, -0.000826, 0.000000, 1.000000, -0.000473, -0.000207, 0.000000, -11.702481, -0.099952, 15.144493, 1.000000],
    [-0.382368, 0.000267, -0.924010, 0.000000, 0.000505, 1.000000, 0.000080, 0.000000, 0.924010, -0.000436, -0.382368, 0.000000, -3.014922, -0.100111, 20.873837, 1.000000],
    [-0.705659, 0.000376, -0.708552, 0.000000, -0.000107, 1.000000, 0.000637, 0.000000, 0.708552, 0.000525, -0.705659, 0.000000, -6.492822, -0.099756, 21.494423, 1.000000],
    [-0.924312, -0.000107, -0.381639, 0.000000, -0.000237, 1.000000, 0.000293, 0.000000, 0.381639, 0.000361, -0.924312, 0.000000, -10.090031, -0.099645, 9.028057, 1.000000],
    [-0.999999, -0.000371, 0.001494, 0.000000, -0.000370, 1.000000, 0.000559, 0.000000, -0.001495, 0.000559, -0.999999, 0.000000, -11.625097, -0.099947, 11.449268, 1.000000],
    [-0.923835, 0.000431, 0.382790, 0.000000, 0.000101, 1.000000, -0.000882, 0.000000, -0.382790, -0.000776, -0.923835, 0.000000, -4.698181, -0.099959, 12.702573, 1.000000],
    [-0.706408, -0.000905, 0.707804, 0.000000, -0.002442, 0.999996, -0.001158, 0.000000, -0.707801, -0.002546, -0.706408, 0.000000, -5.554396, -0.099931, 16.190535, 1.000000],
    [-0.381339, 0.000650, 0.924435, 0.000000, -0.000615, 0.999999, -0.000957, 0.000000, -0.924435, -0.000934, -0.381338, 0.000000, -2.367427, -0.099843, 11.236403, 1.000000],
    [0.000148, -0.001189, 0.999999, 0.000000, -0.001253, 0.999998, 0.001190, 0.000000, -0.999999, -0.001253, 0.000146, 0.000000, -11.758113, -0.099851, 18.677723, 1.000000],
    [0.385441, -0.000582, 0.922732, 0.000000, -0.017664, 0.999812, 0.008009, 0.000000, -0.922563, -0.019386, 0.385359, 0.000000, -4.698493, -0.097495, 19.001045, 1.000000],
    [0.707546, -0.000795, 0.706667, 0.000000, 0.000250, 1.000000, 0.000875, 0.000000, -0.706667, -0.000442, 0.707546, 0.000000, -10.206841, -0.099883, 21.325226, 1.000000],
    [0.926321, -0.001447, 0.376731, 0.000000, 0.004824, 0.999956, -0.008020, 0.000000, -0.376703, 0.009247, 0.926288, 0.000000, -3.034290, -0.099800, 17.675999, 1.000000]
  ]
},
{ "file": "SanMiguel/table2_final.obj",
  "instances": [
    [0.999999, -0.001180, 0.000003, 0.000000, 0.001180, 0.999999, 0.000029, 0.000000, -0.000003, -0.000029, 1.000000, 0.000000, 1.694244, 0.001763, 21.703300, 1.000000],
    [0.499974, -0.000459, -0.866041, 0.000000, 0.001232, 0.999999, 0.000182, 0.000000, 0.866040, -0.001158, 0.499974, 0.000000, 1.817603, 0.001617, 24.713009, 1.000000],
    [-0.499983, 0.000289, -0.866035, 0.000000, 0.001081, 0.999999, -0.000290, 0.000000, 0.866034, -0.001081, -0.499983, 0.000000, 1.655601, 0.001779, 8.106981, 1.000000],
    [-1.000000, 0.001220, 0.000001, 0.000000, 0.001220, 0.999999, -0.000012, 0.000000, -0.000001, -0.000012, -1.000000, 0.000000, 1.788639, 0.001660, 11.411099, 1.000000],
    [-0.499998, 0.000610, 0.866027, 0.000000, 0.001229, 0.999999, 0.000005, 0.000000, -0.866026, 0.001067, -0.499998, 0.000000, 1.531479, 0.001967, 14.790197, 1.000000],
    [0.499995, -0.000483, 0.866028, 0.000000, 0.001152, 0.999999, -0.000108, 0.000000, -0.866027, 0.001051, 0.499995, 0.000000, 1.887242, 0.001531, 18.212900, 1.000000]
  ]
},
{ "file": "SanMiguel/table2_tablecloth_final.obj",
  "instances": [
    [1.000000, 0.000000, 0.000000, 0.000000, 0.000000, 1.000000, 0.000000, 0.000000, 0.000000, 0.000000, 1.000000, 0.000000, 0.000000, 0.000000, 0.000000, 1.000000],
    [1.000000, 0.000000, 0.000000, 0.000000, 0.000000, 1.000000, 0.000000, 0.000000, 0.000000, 0.000000, 1.000000, 0.000000, 0.000000, 0.000000, 0.000000, 1.000000],
    [1.000000, 0.000000, 0.000000, 0.000000, 0.000000, 1.000000, 0.000000, 0.000000, 0.000000, 0.000000, 1.000000, 0.000000, 0.000000, 0.000000, 0.000000, 1.000000],
    [1.000000, 0.000000, 0.000000, 0.000000, 0.000000, 1.000000, 0.000000, 0.000000, 0.000000, 0.000000, 1.000000, 0.000000, 0.000000, 0.000000, 0.000000, 1.000000],
    [1.000000, 0.000000, 0.000000, 0.000000, 0.000000, 1.000000, 0.000000, 0.000000, 0.000000, 0.000000, 1.000000, 0.000000, 0.000000, 0.000000, 0.000000, 1.000000],
    [1.000000, 0.000000, 0.000000, 0.000000, 0.000000, 1.000000, 0.000000, 0.000000, 0.000000, 0.000000, 1.000000, 0.000000, 0.000000, 0.000000, 0.000000, 1.000000]
  ]
},
{ "file": "SanMiguel/tree1_leaves.obj",
  "instances": [
    [1.000000, 0.000000, 0.000000, 0.000000, 0.000000, 1.000000, 0.000000, 0.000000, 0.000000, 0.000000, 1.000000, 0.000000, 0.000000, -0.050000, 0.000000, 1.000000]
  ]
},
{ "file": "SanMiguel/tree2_leaves.obj",
  "instances": [
    [1.000000, 0.000000, 0.000000, 0.000000, 0.000000, 1.000000, 0.000000, 0.000000, 0.000000, 0.000000, 1.000000, 0.000000, 0.000000, -0.050000, 0.000000, 1.000000]
  ]
},
{ "file": "SanMiguel/tree_trunk_1.obj",
  "instances": [
    [1.000000, 0.000000, 0.000000, 0.000000, 0.000000, 1.000000, 0.000000, 0.000000, 0.000000, 0.000000, 1.000000, 0.000000, 0.000000, -0.050000, 0.000000, 1.000000]
  ]
},
{ "file": "SanMiguel/tree_trunk_2.obj",
  "instances": [
    [1.000000, 0.000000, 0.000000, 0.000000, 0.000000, 1.000000, 0.000000, 0.000000, 0.000000, 0.000000, 1.000000, 0.000000, 0.000000, -0.050000, 0.000000, 1.000000]
  ]
},
{ "file": "SanMiguel/vine_with_leaves.obj",
  "instances": [
